<?xml version="1.0"?>
<opencv_storage>
<Kc type_id="opencv-matrix">
  <rows>3</rows>
  <cols>3</cols>
  <dt>f</dt>
  <data>
    2.23741699e+03 0. 5.11500000e+02 0. 2.23741699e+03 2.71500000e+02 0.
    0. 1.</data></Kc>
<kc type_id="opencv-matrix">
  <rows>5</rows>
  <cols>1</cols>
  <dt>f</dt>
  <data>
    -1.30676314e-01 0. 0. 0. 0.</data></kc>
<Kp type_id="opencv-matrix">
  <rows>3</rows>
  <cols>3</cols>
  <dt>f</dt>
  <data>
    2.89545361e+03 0. 9.51836853e+02 0. 2.89545361e+03 6.32579102e+02 0.
    0. 1.</data></Kp>
<kp type_id="opencv-matrix">
  <rows>5</rows>
  <cols>1</cols>
  <dt>f</dt>
  <data>
    -7.30642366e+00 0. 0. 0. 0.</data></kp>
<Rp type_id="opencv-matrix">
  <rows>3</rows>
  <cols>3</cols>
  <dt>f</dt>
  <data>
    9.24283385e-01 -3.25006545e-02 -3.80320758e-01 -9.24650952e-02
    9.47628736e-01 -3.05695921e-01 3.70338202e-01 3.17716062e-01
    8.72872353e-01</data></Rp>
<Tp type_id="opencv-matrix">
  <rows>3</rows>
  <cols>1</cols>
  <dt>f</dt>
  <data>
    2.53384079e+02 1.72541473e+02 -7.82523422e+01</data></Tp>
<cam_error>3.2748117600738158e-01</cam_error>
<proj_error>6.6519224924933482e+01</proj_error>
<stereo_error>5.0189768065257425e+01</stereo_error>
<frameWidth>1024</frameWidth>
<frameHeight>544</frameHeight>
<screenResX>912</screenResX>
<screenResY>1140</screenResY>
</opencv_storage>
